0.700000000000000	0.800000000000000	3962.03229800000
0.727586207000000	0.800000000000000	3958.30288800000
0.755172414000000	0.800000000000000	3953.33008300000
0.782758621000000	0.800000000000000	3947.83111900000
0.810344828000000	0.800000000000000	3942.13123000000
0.837931034000000	0.800000000000000	3936.30321200000
0.865517241000000	0.800000000000000	3930.46689300000
0.893103448000000	0.800000000000000	3924.94421100000
0.920689655000000	0.800000000000000	3920.12026900000
0.948275862000000	0.800000000000000	3916.21373000000
0.975862069000000	0.800000000000000	3913.18338600000
1.00344827600000	0.800000000000000	3910.81105100000
1.03103448300000	0.800000000000000	3908.83998900000
1.05862069000000	0.800000000000000	3907.05381600000
1.08620689700000	0.800000000000000	3905.29273700000
1.11379310300000	0.800000000000000	3903.44965800000
1.14137931000000	0.800000000000000	3901.47136300000
1.16896551700000	0.800000000000000	3899.35904300000
1.19655172400000	0.800000000000000	3897.16521800000
1.22413793100000	0.800000000000000	3894.97863600000
1.25172413800000	0.800000000000000	3892.89837500000
1.27931034500000	0.800000000000000	3891.00791800000
1.30689655200000	0.800000000000000	3889.36231000000
1.33448275900000	0.800000000000000	3887.98476400000
1.36206896600000	0.800000000000000	3886.87542900000
1.38965517200000	0.800000000000000	3886.01974500000
1.41724137900000	0.800000000000000	3885.39665400000
1.44482758600000	0.800000000000000	3884.97929000000
1.47241379300000	0.800000000000000	3884.73548800000
1.50000000000000	0.800000000000000	3884.62616000000
0.700000000000000	0.855555556000000	3951.50307400000
0.727586207000000	0.855555556000000	3946.54856100000
0.755172414000000	0.855555556000000	3940.08483300000
0.782758621000000	0.855555556000000	3932.98262300000
0.810344828000000	0.855555556000000	3925.67735600000
0.837931034000000	0.855555556000000	3918.34206900000
0.865517241000000	0.855555556000000	3911.21097400000
0.893103448000000	0.855555556000000	3904.70555500000
0.920689655000000	0.855555556000000	3899.25941000000
0.948275862000000	0.855555556000000	3895.07562800000
0.975862069000000	0.855555556000000	3892.05580400000
1.00344827600000	0.855555556000000	3889.91252200000
1.03103448300000	0.855555556000000	3888.33082100000
1.05862069000000	0.855555556000000	3887.04969900000
1.08620689700000	0.855555556000000	3885.87749200000
1.11379310300000	0.855555556000000	3884.68443700000
1.14137931000000	0.855555556000000	3883.40078300000
1.16896551700000	0.855555556000000	3882.01407500000
1.19655172400000	0.855555556000000	3880.56413000000
1.22413793100000	0.855555556000000	3879.12346800000
1.25172413800000	0.855555556000000	3877.77454600000
1.27931034500000	0.855555556000000	3876.58730100000
1.30689655200000	0.855555556000000	3875.60561900000
1.33448275900000	0.855555556000000	3874.84643300000
1.36206896600000	0.855555556000000	3874.30639200000
1.38965517200000	0.855555556000000	3873.96972900000
1.41724137900000	0.855555556000000	3873.81546400000
1.44482758600000	0.855555556000000	3873.81756600000
1.47241379300000	0.855555556000000	3873.94651700000
1.50000000000000	0.855555556000000	3874.16812900000
0.700000000000000	0.911111111000000	3933.31982000000
0.727586207000000	0.911111111000000	3926.90768300000
0.755172414000000	0.911111111000000	3918.95149700000
0.782758621000000	0.911111111000000	3910.48671700000
0.810344828000000	0.911111111000000	3902.03891200000
0.837931034000000	0.911111111000000	3893.85066200000
0.865517241000000	0.911111111000000	3886.22603500000
0.893103448000000	0.911111111000000	3879.62984800000
0.920689655000000	0.911111111000000	3874.48349700000
0.948275862000000	0.911111111000000	3870.92248000000
0.975862069000000	0.911111111000000	3868.75610200000
1.00344827600000	0.911111111000000	3867.61079700000
1.03103448300000	0.911111111000000	3867.10351800000
1.05862069000000	0.911111111000000	3866.92504300000
1.08620689700000	0.911111111000000	3866.85002800000
1.11379310300000	0.911111111000000	3866.72839700000
1.14137931000000	0.911111111000000	3866.47798400000
1.16896551700000	0.911111111000000	3866.08109200000
1.19655172400000	0.911111111000000	3865.57111200000
1.22413793100000	0.911111111000000	3865.01586300000
1.25172413800000	0.911111111000000	3864.49274100000
1.27931034500000	0.911111111000000	3864.06865200000
1.30689655200000	0.911111111000000	3863.78702500000
1.33448275900000	0.911111111000000	3863.66657000000
1.36206896600000	0.911111111000000	3863.70735500000
1.38965517200000	0.911111111000000	3863.89792500000
1.41724137900000	0.911111111000000	3864.22153800000
1.44482758600000	0.911111111000000	3864.65697000000
1.47241379300000	0.911111111000000	3865.18126100000
1.50000000000000	0.911111111000000	3865.76681300000
0.700000000000000	0.966666667000000	3912.21254200000
0.727586207000000	0.966666667000000	3904.41964500000
0.755172414000000	0.966666667000000	3895.31135000000
0.782758621000000	0.966666667000000	3886.03136700000
0.810344828000000	0.966666667000000	3877.14460700000
0.837931034000000	0.966666667000000	3868.91590500000
0.865517241000000	0.966666667000000	3861.66544600000
0.893103448000000	0.966666667000000	3855.84396800000
0.920689655000000	0.966666667000000	3851.80844400000
0.948275862000000	0.966666667000000	3849.59074700000
0.975862069000000	0.966666667000000	3848.89066300000
1.00344827600000	0.966666667000000	3849.24318800000
1.03103448300000	0.966666667000000	3850.19970800000
1.05862069000000	0.966666667000000	3851.41013000000
1.08620689700000	0.966666667000000	3852.62472300000
1.11379310300000	0.966666667000000	3853.68389800000
1.14137931000000	0.966666667000000	3854.50860000000
1.16896551700000	0.966666667000000	3855.08848300000
1.19655172400000	0.966666667000000	3855.46642900000
1.22413793100000	0.966666667000000	3855.71758600000
1.25172413800000	0.966666667000000	3855.92737600000
1.27931034500000	0.966666667000000	3856.16894500000
1.30689655200000	0.966666667000000	3856.49335900000
1.33448275900000	0.966666667000000	3856.92586700000
1.36206896600000	0.966666667000000	3857.47357000000
1.38965517200000	0.966666667000000	3858.13064500000
1.41724137900000	0.966666667000000	3858.88600000000
1.44482758600000	0.966666667000000	3859.72453500000
1.47241379300000	0.966666667000000	3860.62779100000
1.50000000000000	0.966666667000000	3861.57438400000
0.700000000000000	1.02222222200000	3893.74202500000
0.727586207000000	1.02222222200000	3884.97942900000
0.755172414000000	1.02222222200000	3875.32051800000
0.782758621000000	1.02222222200000	3865.94580100000
0.810344828000000	1.02222222200000	3857.40154700000
0.837931034000000	1.02222222200000	3849.92403100000
0.865517241000000	1.02222222200000	3843.79995100000
0.893103448000000	1.02222222200000	3839.41664100000
0.920689655000000	1.02222222200000	3837.02889500000
0.948275862000000	1.02222222200000	3836.55069700000
0.975862069000000	1.02222222200000	3837.57215300000
1.00344827600000	1.02222222200000	3839.54957800000
1.03103448300000	1.02222222200000	3841.98680500000
1.05862069000000	1.02222222200000	3844.51078800000
1.08620689700000	1.02222222200000	3846.86887700000
1.11379310300000	1.02222222200000	3848.91304100000
1.14137931000000	1.02222222200000	3850.58662500000
1.16896551700000	1.02222222200000	3851.90315000000
1.19655172400000	1.02222222200000	3852.92855200000
1.22413793100000	1.02222222200000	3853.75539200000
1.25172413800000	1.02222222200000	3854.48265400000
1.27931034500000	1.02222222200000	3855.19491600000
1.30689655200000	1.02222222200000	3855.94941100000
1.33448275900000	1.02222222200000	3856.77864000000
1.36206896600000	1.02222222200000	3857.69297000000
1.38965517200000	1.02222222200000	3858.69138100000
1.41724137900000	1.02222222200000	3859.76473400000
1.44482758600000	1.02222222200000	3860.90031000000
1.47241379300000	1.02222222200000	3862.08229700000
1.50000000000000	1.02222222200000	3863.29098100000
0.700000000000000	1.07777777800000	3882.76265400000
0.727586207000000	1.07777777800000	3873.55155300000
0.755172414000000	1.07777777800000	3863.94814000000
0.782758621000000	1.07777777800000	3855.09992700000
0.810344828000000	1.07777777800000	3847.48347800000
0.837931034000000	1.07777777800000	3841.26681900000
0.865517241000000	1.07777777800000	3836.66371800000
0.893103448000000	1.07777777800000	3833.96768100000
0.920689655000000	1.07777777800000	3833.32058100000
0.948275862000000	1.07777777800000	3834.52336300000
0.975862069000000	1.07777777800000	3837.07958600000
1.00344827600000	1.07777777800000	3840.39400600000
1.03103448300000	1.07777777800000	3843.95330000000
1.05862069000000	1.07777777800000	3847.38823800000
1.08620689700000	1.07777777800000	3850.46868300000
1.11379310300000	1.07777777800000	3853.07976000000
1.14137931000000	1.07777777800000	3855.20118900000
1.16896551700000	1.07777777800000	3856.88251500000
1.19655172400000	1.07777777800000	3858.21402300000
1.22413793100000	1.07777777800000	3859.30921100000
1.25172413800000	1.07777777800000	3860.27701200000
1.27931034500000	1.07777777800000	3861.20760300000
1.30689655200000	1.07777777800000	3862.16116600000
1.33448275900000	1.07777777800000	3863.16997200000
1.36206896600000	1.07777777800000	3864.24427100000
1.38965517200000	1.07777777800000	3865.38165400000
1.41724137900000	1.07777777800000	3866.57241700000
1.44482758600000	1.07777777800000	3867.80333200000
1.47241379300000	1.07777777800000	3869.05797700000
1.50000000000000	1.07777777800000	3870.31726600000
0.700000000000000	1.13333333300000	3881.06354900000
0.727586207000000	1.13333333300000	3871.77618800000
0.755172414000000	1.13333333300000	3862.59432300000
0.782758621000000	1.13333333300000	3854.57755800000
0.810344828000000	1.13333333300000	3848.10068300000
0.837931034000000	1.13333333300000	3843.23504600000
0.865517241000000	1.13333333300000	3840.10479200000
0.893103448000000	1.13333333300000	3838.90187600000
0.920689655000000	1.13333333300000	3839.66513800000
0.948275862000000	1.13333333300000	3842.10986800000
0.975862069000000	1.13333333300000	3845.68698500000
1.00344827600000	1.13333333300000	3849.78701000000
1.03103448300000	1.13333333300000	3853.90898000000
1.05862069000000	1.13333333300000	3857.71364900000
1.08620689700000	1.13333333300000	3861.00956100000
1.11379310300000	1.13333333300000	3863.72669900000
1.14137931000000	1.13333333300000	3865.88541000000
1.16896551700000	1.13333333300000	3867.56697200000
1.19655172400000	1.13333333300000	3868.88426800000
1.22413793100000	1.13333333300000	3869.95965300000
1.25172413800000	1.13333333300000	3870.90542600000
1.27931034500000	1.13333333300000	3871.80821000000
1.30689655200000	1.13333333300000	3872.72346500000
1.33448275900000	1.13333333300000	3873.67801100000
1.36206896600000	1.13333333300000	3874.67793000000
1.38965517200000	1.13333333300000	3875.71767900000
1.41724137900000	1.13333333300000	3876.78548200000
1.44482758600000	1.13333333300000	3877.86791800000
1.47241379300000	1.13333333300000	3878.94809900000
1.50000000000000	1.13333333300000	3880.00854300000
0.700000000000000	1.18888888900000	3887.06335000000
0.727586207000000	1.18888888900000	3877.84297700000
0.755172414000000	1.18888888900000	3869.16855400000
0.782758621000000	1.18888888900000	3861.98023300000
0.810344828000000	1.18888888900000	3856.52947700000
0.837931034000000	1.18888888900000	3852.78602500000
0.865517241000000	1.18888888900000	3850.77879100000
0.893103448000000	1.18888888900000	3850.61456800000
0.920689655000000	1.18888888900000	3852.25440400000
0.948275862000000	1.18888888900000	3855.36332800000
0.975862069000000	1.18888888900000	3859.37668700000
1.00344827600000	1.18888888900000	3863.69990300000
1.03103448300000	1.18888888900000	3867.86603700000
1.05862069000000	1.18888888900000	3871.57728300000
1.08620689700000	1.18888888900000	3874.68613200000
1.11379310300000	1.18888888900000	3877.16384700000
1.14137931000000	1.18888888900000	3879.06517300000
1.16896551700000	1.18888888900000	3880.49328500000
1.19655172400000	1.18888888900000	3881.57035700000
1.22413793100000	1.18888888900000	3882.41888100000
1.25172413800000	1.18888888900000	3883.14361300000
1.27931034500000	1.18888888900000	3883.82155500000
1.30689655200000	1.18888888900000	3884.49936200000
1.33448275900000	1.18888888900000	3885.19617500000
1.36206896600000	1.18888888900000	3885.91403500000
1.38965517200000	1.18888888900000	3886.64588600000
1.41724137900000	1.18888888900000	3887.38022600000
1.44482758600000	1.18888888900000	3888.10523300000
1.47241379300000	1.18888888900000	3888.80680100000
1.50000000000000	1.18888888900000	3889.47077700000
0.700000000000000	1.24444444400000	3897.26661000000
0.727586207000000	1.24444444400000	3888.12801200000
0.755172414000000	1.24444444400000	3879.89970100000
0.782758621000000	1.24444444400000	3873.38217000000
0.810344828000000	1.24444444400000	3868.70325900000
0.837931034000000	1.24444444400000	3865.73379000000
0.865517241000000	1.24444444400000	3864.42554500000
0.893103448000000	1.24444444400000	3864.82079200000
0.920689655000000	1.24444444400000	3866.83684700000
0.948275862000000	1.24444444400000	3870.11948200000
0.975862069000000	1.24444444400000	3874.11537500000
1.00344827600000	1.24444444400000	3878.26315900000
1.03103448300000	1.24444444400000	3882.13498400000
1.05862069000000	1.24444444400000	3885.47438000000
1.08620689700000	1.24444444400000	3888.17095300000
1.11379310300000	1.24444444400000	3890.22796600000
1.14137931000000	1.24444444400000	3891.72160300000
1.16896551700000	1.24444444400000	3892.76530600000
1.19655172400000	1.24444444400000	3893.48013600000
1.22413793100000	1.24444444400000	3893.98040700000
1.25172413800000	1.24444444400000	3894.35850500000
1.27931034500000	1.24444444400000	3894.68033700000
1.30689655200000	1.24444444400000	3894.98318700000
1.33448275900000	1.24444444400000	3895.28154900000
1.36206896600000	1.24444444400000	3895.57657900000
1.38965517200000	1.24444444400000	3895.86292500000
1.41724137900000	1.24444444400000	3896.13363800000
1.44482758600000	1.24444444400000	3896.38139000000
1.47241379300000	1.24444444400000	3896.59775500000
1.50000000000000	1.24444444400000	3896.77370800000
0.700000000000000	1.30000000000000	3908.20561900000
0.727586207000000	1.30000000000000	3899.17013600000
0.755172414000000	1.30000000000000	3891.31646900000
0.782758621000000	1.30000000000000	3885.30629000000
0.810344828000000	1.30000000000000	3881.15398200000
0.837931034000000	1.30000000000000	3878.65183400000
0.865517241000000	1.30000000000000	3877.69536400000
0.893103448000000	1.30000000000000	3878.29177000000
0.920689655000000	1.30000000000000	3880.33904800000
0.948275862000000	1.30000000000000	3883.48938200000
0.975862069000000	1.30000000000000	3887.21400700000
1.00344827600000	1.30000000000000	3890.98750300000
1.03103448300000	1.30000000000000	3894.41919900000
1.05862069000000	1.30000000000000	3897.28377000000
1.08620689700000	1.30000000000000	3899.49796300000
1.11379310300000	1.30000000000000	3901.08530400000
1.14137931000000	1.30000000000000	3902.13290900000
1.16896551700000	1.30000000000000	3902.75467800000
1.19655172400000	1.30000000000000	3903.06548000000
1.22413793100000	1.30000000000000	3903.16787600000
1.25172413800000	1.30000000000000	3903.14306000000
1.27931034500000	1.30000000000000	3903.04674300000
1.30689655200000	1.30000000000000	3902.91085700000
1.33448275900000	1.30000000000000	3902.75008500000
1.36206896600000	1.30000000000000	3902.56906900000
1.38965517200000	1.30000000000000	3902.36802500000
1.41724137900000	1.30000000000000	3902.14797600000
1.44482758600000	1.30000000000000	3901.90765300000
1.47241379300000	1.30000000000000	3901.64550400000
1.50000000000000	1.30000000000000	3901.35777000000
