0.286  5.930239032256       0.21541365119999997
0.286  11881.1392874964     1247.5031415171495
0.324  6.497355056284       0.13791922320000000
0.324  11591.6672339846     709.43623414474564
0.362  7.102442471355       0.14959767239999999
0.362  11523.1564918445     498.90310427449066
0.402  7.65220843271        0.17799371350000001
0.402  11792.2148723254     443.87650096834255  
0.444  8.24736187418        0.14707120720000000
0.444  12218.3341514549     366.17017559410414
0.483  8.73975846755        0.14386532600000002
0.483  12908.1301511752     423.35493264017185
0.52   8.95386874725        0.12926744879999999
0.52   13896.2625879577     381.52814151504475
0.556  9.119990712604       0.15043033079999998
0.556  13383.8799904281     377.37194573355481
0.592  9.424484365595       0.17568658900000000 
0.592  14208.9612587182     496.76245635022298 
0.627  9.558034104586       0.24210283019999998 
0.627  14291.9555021484     537.47150793932656 
0.66   10.3308279634        0.34026825559999996
0.66   16132.1438388685     983.64818839548036 
